a1 = -31822.0344297946
a2 = 1.39989260670223e-06
a3 = 6.05420380793983e-05
a4 = -3.47514595518331e-07
a5 = 2.06208434861693e-08
GPFUN_f = "f(x)=a1+a2*x+a3*x**2+a4*x**3+a5*x**4"
a1_err = 2.94964936814273e-07
a2_err = 1.56396617307728e-07
a3_err = 8.84774516187928e-08
a4_err = 6.8584805540677e-09
a5_err = 3.28485651748232e-09
