a1 = -31822.0111815539
a2 = -1.73540561629697e-05
a3 = 5.26673088047938e-05
a4 = -1.3911040877296e-06
a5 = 4.32292296141433e-08
GPFUN_f = "f(x)=a1+a2*x+a3*x**2+a4*x**3+a5*x**4"
a1_err = 1.59950200973455e-06
a2_err = 1.08861220319525e-06
a3_err = 9.83349875701048e-07
a4_err = 1.44561405477059e-07
a5_err = 9.99028592322789e-08
